3005x
00000000000000000000000000000000000000000000000000
00000500000000000005000000000000000000000000000000
00000000000000000000000000000000000000500000000000
00000000000000000000000000000000000000000000000000
00000000000000050000000000000050000000055050000000
00000000000000000000000000500050000000000000000000
00000000000000000000500000005500000500000000000000
00000000000000005500000000000000000000000000000000
00000000005500000000000000000000000000000000000000
00000000000000000000000000050000000505000000000000
00000000000000000000000000000000000550000500000000
00005050000000000000000000500000000000000000000000
00050000500000000000050000000000000000000000000000
00000000500000000000500000000005000000000000000000
00000000000000000000000050000050000005000000000000
00000000000550000000000005000000000000000000550000
00000000005000000500005000000050005000000050000000
00000005000000000000000000005000000000000000500000
00550000500000000000000000000000000000000000000000
00000000000005000000000000000000000000000050000000
00005000000000000000000050000000500050000000500000
00000000000000000000000000000000000000000000000000
00000000000000000000005000000000000000000000000000
00005500000000500000000000000000000000000000000000
00000000000000000500000000000000000050000000000000
00000000000000000500000000000005000500000000050000
00000000000050000000000000050000500000000000000000
00000000000005000000000000005000000000000000500000
00500000000000000000000000000000000000000000000000
00000000000000050005000000000000000000050000000000
